16626758
17476007
17615311
17646589
18234746
18242413
18567918
19671655
19920054
20060020
20451454
20546603
20647198
20647199
20810735
21036103
21142037
21183140
21303486
21306238
21323540
21366471
21420529
21536565
21788217
21791717
21893678
21967344
21982001
22336831
22417252
22500987
23044927
23131095
23195283
23210127
23383664
23416410
23448601
23504781
23507439
23514285
23532316
23570637
23643681
23688302
23713578
23715074
23735599
23843252
23883378
23921900
23932908
23984728
24247300
24247913
24306022
24401069
24452557
24716680
24716689
24735841
24836310
24836311
24928284
24943115
25005549
25018116
25104790
25199059
25199060
25399550
25399551
25399552
25400320
25415805
25517348
25524798
25671614
25671797
25671798
25830422
25882510
25891173
25981908
26008343
26022308
26044423
26063055
26143938
26358371
26371148
26378950
26378978
26431581
26432758
26447831
26460844
26461763
26514380
26551051
26561417
26575258
26616910
26716707
26733721
26796088
26840138
26873519
26926046
26941340
26944069
26945057
26947331
26959057
26959706
26974709
26999557
27018042
27018863
27042964
27108754
27139220
27144809
27149033
27160980
27276234
27298274
27339115
27355533
27412668
27496917
27513844
27516333
27532820
27542767
27553536
27554493
27557308
27566357
27568665
27572070
27576539
27609408
27609411
27641143
27717299
27717303
27718784
27718847
27843092
27846344
27855010
27863872
27876693
27879259
27881443
27959613
27959701
27959708
27973985
28002679
28002688
28076709
28122351
28129986
28166684
28199805
28212060
28259549
28304224
28385353
28430594
28443487
28456509
28464995
28475386
28514601
28522181
28525302
28528561
28530840
28564589
28564597
28578607
28578639
28580882
28586463
28605608
28644114
28691557
28749548
28854354
28867316
28891423
28893133
28898574
28902590
28902591
28902593
28916367
28939126
28967485
28993052
29032208
29033008
29040052
29091557
29091561
29094097
29097495
29116712
29129157
29132713
29150198
29167391
29171821
29183783
29185195
29216592
29226797
29245036
29260225
29268948
29275663
29275914
29291340
29292002
29320832
29340676
29340679
29342393
29364767
29365309
29368449
29371317
29373314
29373322
29377832
29385370
29385376
29420164
29440347
29456269
29457629
29466542
29466842
29471087
29471679
29475023
29475779
29499220
29552975
29562145
29569737
29572519
29576504
29605561
29610497
29635008
29653469
29657340
29658430
29658856
29668352
29670272
29694284
29694815
29773037
29773159
29782224
29782225
29804902
29860922
29874143
29874196
29874528
29880231
29900976
29928904
29945898
29949494
29950236
29951942
29972753
29983383
30001950
30021096
30030542
30062012
30084849
30086124
30095144
30134750
30143437
30148764
30157500
30166073
30192171
30195512
30196730
30196745
30196933
30215933
30219893
30220345
30280640
30293909
30295348
30303867
30317745
30326012
30343029
30345884
30385166
30385326
30403574
30403611
30415602
30415628
30415637
30420614
30445214
30449623
30449625
30466811
30481289
30482700
30490547
30501490
30502342
30509740
30523697
30527079
30543676
30566348
30568029
30575450
30614628
30617072
30620925
30625124
30637500
30647093
30699315
30715024
30739747
30755364
30763142
30765112
30765211
30774547
30776480
30779529
30779531
30792212
30796433
30798985
30801990
30855743
30859636
30872014
30874766
30878190
30883053
30883058
30889166
30891585
30898215
30923135
30948258
30955977
30971293
30988015
30990260
30992147
31009361
31048088
31050279
31055055
31055056
31058280
31079938
31104041
31112379
31125332
31132326
31135415
31141092
31151808
31157963
31173353
31180533
31194883
31195010
31199090
31199344
31203144
31203930
31221440
31237645
31237646
31254244
31257574
31262560
31295432
31299033
31301742
31329516
31340094
31368490
31375413
31375415
31379081
31385876
31394083
31405755
31447080
31464262
31475794
31475798
31479135
31495497
31495538
31499979
31526456
31535829
31536730
31537691
31539289
31543428
31548247
31550780
31562128
31562798
31562799
31566307
31566309
31573637
31582355
31585579
31588369
31590988
31592573
31594109
31600289
31618560
31624012
31628407
31647747
31655024
31679945
31682550
31693886
31694683
31694807
31791936
31793121
31794810
31811809
31816092
31821879
31851795
31851799
31866247
31877328
31877329
31879349
31881942
31884101
31900279
31948863
31950979
31957927
31961419
31976786
31978327
31978343
31983776
31987723
31994526
32007403
32032523
32032533
32053298
32066573
32074416
32077952
32098496
32100268
32107577
32107579
32116292
32125000
32129843
32130821
32135274
32145772
32155257
32160030
32171702
32184263
32184264
32187459
32187462
32195236
32195649
32197739
32197944
32200752
32203698
32209449
32212522
32218419
32219399
32220153
32232225
32237107
32242358
32243648
32268129
32289190
32302116
32302303
32320281
32334766
32340140
32343890
32348645
32352511
32384497
32391663
32418728
32424003
32433678
32437715
32437828
32441310
32445440
32450959
32469185
32492696
32492714
32533851
32534646
32551864
32553069
32555885
32562842
32563378
32579807
32580873
32584145
32584634
32614388
32660984
32663474
32668486
32669708
32673678
32678530
32692830
32700970
32706949
32717182
32726522
32726726
32735045
32741773
32757523
32767753
32777234
32781129
32786187
32792287
32805049
32813947
32827453
32841621
32846060
32852007
32860593
32861307
32861315
32865375
32865377
32866460
32877518
32877583
32887636
32888407
32891192
32902312
32907791
32910916
32910928
32915425
32919082
32940881
32942066
32945352
32945631
32945740
32945741
32945916
32955952
32956818
32957207
32957208
32966830
32970396
32979179
32986072
32987802
32994243
33034298
33035451
33053341
33058798
33075345
33077134
33078832
33089336
33089355
33105069
33108126
33108127
33112458
33113273
33113396
33121997
33122152
33148812
33156674
33162366
33176145
33181344
33183945
33185364
33186516
33186521
33189178
33189181
33190147
33191752
33197395
33198528
33206192
33207568
33208265
33232862
33289350
33301246
33301744
33306283
33306989
33307040
33326778
33340543
33342677
33370206
33378609
33387458
33388002
33401050
33403837
33453152
33453183
33455551
33473293
33476593
33480803
33503424
33522384
33523609
33529065
33529066
33545094
33555917
33567193
33581700
33581798
33581820
33581821
33581853
33581873
33596296
33616314
33616431
33621483
33626253
33626871
33631065
33635931
33640253
33646960
33647194
33651978
33657295
33667422
33687712
33712542
33730455
33739170
33761816
33764376
33779244
33789008
33802067
33807029
33807167
33812396
33812397
33812825
33823288
33823297
33837092
33845962
33857391
33861589
33864780
33866534
33872648
33872649
33872877
33875200
33875402
33882210
33882225
33887680
33887681
33908346
33933161
33933205
33944734
33944942
33949877
33971151
33972795
33979488
33984785
33999283
34037414
34080802
34102137
34105177
34125341
34146513
34161051
34161704
34192711
34246858
34247203
34315491
34320281
34325915
34339292
34348074
34379916
34388396
34425068
34425070
34449189
34453881
34454674
34472859
34474595
34489161
34521660
34534162
34534429
34534476
34546765
34547435
34555285
34614153
34626522
34706189
34735696
34755828
34774205
34825282
34826325
34843181
34891223
34891224
34904796
34904799
34910863
34931532
34945161
34962480
34968949
34971577
34979393
34997701
35020983
35026152
35030302
35038160
35042763
35048954
35065003
35092406
35094932
35108534
35114079
35114080
35124007
35139273
35143775
35149538
35172054
35179323
35190648
35196483
35202570
35259349
35273356
35276622
35283874
35303478
35305290
35325551
35364003
35369905
35377407
35379973
35403841
35404747
35417631
35420400
35430773
35443107
35460458
35461558
35468325
35487189
35513555
35546767
35605148
35617591
35617978
35658007
35671785
35687449
35695169
35699974
35704480
35709546
35709625
35713429
35713462
35714312
35715566
35740468
35763097
35772592
35772599
35779553
35829003
35833116
35858803
35908050
35914347
35914547
35921549
35944273
35947137
35955126
36005275
36018917
36027557
36027564
36038150
36044571
36048172
36049499
36055070
36099991
36121701
36127767
36129036
36129998
36194214
36206146
36215658
36219676
36247203
36273482
36306810
36322843
36331190
36347265
36349903
36369798
36469911
36475756
36476662
36494306
36507972
36511394
36529161
36577212
36608310
36610382
36648215
36702161
36716761
36740438
36757318
36762851
36774211
36780173
36780668
36780670
36790874
36791098
36794895
36801032
36809258
36815829
36841494
36856617
36922593
36963725
36966363
36972020
36972026
36996349
37000613
37003278
37005033
37018473
37027450
37042129
37042831
37059508
37060558
37061213
37071094
37080222
37086492
37086998
37098029
37116523
37118018
37123412
37127001
37129500
37137068
37142372
37145976
37146588
37147158
37148577
37178669
37178735
37182515
37195173
37195174
37195175
37195227
37196728
37196731
37196733
37197900
37197908
37198063
37200034
37204925
37207334
37212452
37218656
37222480
37222481
37224500
37224519
37236192
37245232
37247222
37272505
37272512
37272513
37272514
37291218
37327302
37331381
37335855
37348598
37356437
37356668
37356669
37357434
37375620
37393513
37395247
37398064
37402094
37402605
37423308
37433586
37456547
37475098
37494497
37495260
37497476
37499656
37533367
37533368
37539981
37541999
37543388
37544747
37550942
37574797
37577955
37579179
37598696
37610235
37624936
37634143
37646676
37663259
37666431
37717589
37726068
37731137
37733795
37742594
37748181
37756573
37758207
37774058
37778358
37804323
37844595
37857528
37859007
37861229
37861336
37862617
37863084
37864337
37864559
37869360
37870948
37870949
37870974
37874820
37875100
37882727
37889886
37923012
37934820
37937427
37937462
37937772
37938042
37938783
37938975
37943590
37956304
37961994
37962077
37976444
37977660
37980649
37995313
38030318
38039991
38048793
38064689
38090506
38092007
38092034
38092055
38095150
38096900
38099339
38110196
38320275
38324369
38324483
38381664
38393328
38400914
38452197
38477987
38508835
38511242
38514766
38521086
38557170
38569758
38597274
38597341
38621400
38671587
38705167
38758557
38807175
38843511
38860850
38869420
38875111
38879802
38884175
38913933
38924731
38935794
39031824
39116902
39147364
39167413
39167807
39190977
39213188
39214100
39214467
39227284
39255359
39259443
39284383
39292927
39293462
39307151
39385046
39419054
39432604
39495965
39511131
39521008
39550172
39555610
39591551
39602630
39645804
39653044
39708278
39738721
39774313
39839752
39839782
39855251
39862879
39911057
40000533
40021405
40079944
40167274
40203286
40244420
40323277
40532178
40541222
40544435
40608864
40610228
40668552
40683275
40749164
40783289
40802943
40935887
40960239
41212562
41237796
41290592
41363801
41371238
41398455
41449142
41648780
41658828
41692004
41722591
41871716
41950473
41959785
42011692
42060297
42073748
42084858
42092662
42093364
42094672
42095072
42095204
42095279